3
512
432 388
188 167
164 25
297 247
348 212
445 142
244 264
493 12
321 456
441 309
489 210
121 342
214 207
223 264
339 34
467 134
184 511
86 203
304 145
241 108
59 198
495 470
464 50
182 206
54 314
258 211
257 258
398 303
53 465
449 157
351 35
375 99
376 126
165 201
500 129
492 383
223 213
213 285
486 194
160 463
331 336
326 157
32 308
491 480
308 24
158 430
118 337
329 456
311 97
11 128
64 302
225 236
106 220
280 359
474 86
0 132
372 29
300 120
228 401
241 343
12 211
328 134
390 276
444 44
7 479
135 432
244 452
407 191
369 318
147 282
45 502
40 4
459 181
469 443
175 49
48 167
300 290
313 33
72 185
456 253
59 450
263 190
109 470
486 297
176 173
370 406
54 170
68 491
406 423
65 345
108 170
305 342
27 221
99 270
154 510
120 178
369 419
204 46
4 454
118 418
41 76
276 98
136 55
201 450
237 127
428 236
58 452
400 125
57 228
464 317
271 279
347 51
394 165
493 494
320 454
297 367
252 318
16 249
313 447
43 342
76 329
113 93
199 477
65 210
220 228
60 220
206 139
335 410
186 56
124 156
181 207
44 108
232 469
347 291
303 393
7 100
29 48
253 172
107 64
405 381
369 58
376 435
190 71
317 102
66 248
129 417
446 68
178 144
381 470
21 87
180 112
491 338
180 380
259 327
204 475
36 41
257 306
184 267
432 450
322 318
498 186
279 146
423 373
198 363
407 9
376 241
347 173
411 333
236 452
266 440
219 93
96 64
21 167
500 370
8 395
181 432
47 421
401 389
414 25
70 410
158 381
462 455
392 509
330 492
152 104
93 247
489 92
207 90
427 273
66 119
129 177
296 496
465 394
62 228
273 136
363 297
445 9
381 161
500 138
390 98
337 107
384 225
243 33
143 380
40 241
151 3
289 215
149 473
39 234
308 262
255 317
156 150
435 72
464 471
321 400
356 260
446 222
100 265
100 117
252 145
458 226
137 38
159 429
79 31
410 138
105 362
116 500
45 336
342 318
8 427
211 446
296 114
235 488
335 229
95 332
241 159
424 184
427 425
422 485
426 274
306 381
239 441
350 302
48 148
483 27
406 132
373 91
50 400
257 166
247 40
148 382
399 425
7 499
492 52
261 355
284 204
11 332
156 11
394 247
351 257
170 249
336 354
423 247
208 173
291 285
89 269
268 93
215 277
73 273
413 210
427 320
70 373
147 248
482 372
488 42
103 204
20 428
264 295
269 366
425 356
64 238
33 108
360 493
501 411
59 53
469 419
457 277
464 219
63 0
115 79
237 75
60 308
320 170
74 444
259 334
41 298
455 274
22 97
324 68
325 371
254 85
462 35
442 449
194 40
375 13
357 370
25 193
18 466
185 253
488 158
482 442
112 135
156 198
219 28
168 26
439 395
278 385
386 66
377 305
45 16
245 28
212 46
304 491
293 327
489 106
65 247
386 184
209 234
162 165
112 395
409 176
57 238
354 188
444 369
181 144
240 348
447 232
326 45
205 288
236 385
64 103
302 333
83 462
413 353
297 58
8 172
341 309
262 121
497 308
149 108
375 197
158 462
170 374
445 66
362 211
219 317
413 339
444 12
291 65
302 56
104 253
78 216
176 470
333 142
172 166
501 210
358 283
322 164
33 143
440 391
245 434
97 176
146 356
138 295
229 90
406 153
411 503
452 363
441 170
264 442
412 218
196 335
48 162
134 173
7 245
504 211
75 482
167 130
404 244
32 202
80 147
346 145
442 77
459 268
459 302
256 267
187 350
317 78
188 391
212 473
220 41
365 212
427 253
101 190
340 498
233 141
39 408
411 94
489 251
5 94
323 108
124 158
153 57
247 232
412 505
159 438
53 276
144 354
173 448
128 320
269 384
233 71
149 130
385 245
175 370
260 419
221 73
292 58
257 229
317 440
430 97
114 417
74 129
296 123
159 112
262 336
399 167
16 74
91 136
403 37
100 200
67 6
36 2
421 269
112 13
188 43
80 86
461 250
432 270
325 12
183 430
410 365
416 52
444 27
511 324
126 494
443 427
415 48
125 321
41 226
300 377
46 130
209 105
169 241
289 153
45 425
118 512
90 384
232 146
433 198
175 0
54 459
298 78
168 236
459 289
332 377
511 143
156 129
403 452
335 396
416 116
251 155
404 271
29 395
370 183
7 4
56 447
282 60
456 175
454 326
464 172
367 285
0 40
424 175
244 329
316 450
386 58
191 101
175 205
8 133
262 240
136 393
375 107
466 165
200 244
497 323
226 59
0 137
117 263
510 343
370 354
432 388
-1
512
109 4
142 1
102 416
332 115
29 154
285 13
352 32
386 472
225 391
436 248
328 184
251 97
21 121
123 412
105 244
471 485
398 234
51 173
228 364
384 287
284 314
66 460
225 443
189 478
512 369
75 342
15 161
200 392
355 146
509 388
418 180
79 116
475 168
165 82
487 496
331 172
175 284
409 446
356 340
333 450
254 208
281 388
452 408
378 223
412 93
138 168
320 321
397 337
18 148
48 63
156 177
291 385
397 38
320 435
252 238
401 39
393 170
289 342
463 62
131 398
259 311
164 147
353 217
124 414
112 311
194 388
171 21
467 183
313 1
505 472
370 14
72 146
449 324
253 398
201 259
260 14
195 158
47 360
214 422
217 148
204 85
384 150
397 371
260 461
218 437
29 328
196 195
50 344
267 318
346 163
346 135
478 45
121 195
147 497
325 92
496 81
239 294
184 170
350 460
326 6
151 141
255 387
426 276
78 128
374 371
377 258
99 379
232 200
249 461
401 3
415 434
252 142
216 124
266 491
90 483
288 245
203 192
30 165
1 338
242 40
30 299
1 79
23 411
53 303
322 389
288 141
60 255
370 372
222 382
112 0
14 452
221 430
507 442
313 394
87 439
1 77
475 254
499 336
291 445
312 200
381 428
243 438
198 227
276 147
17 14
268 216
347 297
458 229
440 221
383 102
507 73
274 242
349 507
43 20
246 512
149 482
30 167
132 373
287 411
184 420
114 16
304 192
325 498
414 128
371 204
119 326
484 353
370 342
64 272
473 52
251 167
412 325
82 96
262 503
85 38
229 43
286 391
73 382
52 190
347 413
141 305
151 64
471 503
506 164
486 179
222 445
412 457
354 216
370 200
187 6
271 492
12 407
329 294
461 108
179 134
448 365
170 31
423 402
380 219
67 405
20 69
219 55
405 194
113 286
253 171
257 260
137 349
324 150
296 59
177 450
103 208
109 451
251 302
5 125
23 90
95 468
252 150
318 421
324 192
106 4
227 406
223 362
176 439
187 474
133 350
309 445
369 373
363 457
432 441
450 188
162 214
440 58
44 62
307 107
289 435
114 89
381 29
483 49
410 224
198 434
169 192
430 455
83 106
23 97
49 411
488 468
260 282
368 355
3 395
175 175
250 136
304 313
208 452
93 359
362 374
415 171
198 413
81 376
5 250
153 383
233 333
353 156
316 42
98 0
144 74
132 450
44 165
327 180
219 448
202 395
34 148
197 125
282 280
67 413
342 294
90 24
172 95
70 101
25 44
468 137
478 329
119 502
11 350
347 81
480 52
4 163
10 387
57 233
446 374
164 275
464 498
425 509
238 269
283 163
258 267
501 469
66 404
441 19
443 330
181 502
494 271
62 299
225 460
248 438
250 237
406 491
230 345
502 280
109 3
422 140
169 354
208 182
50 442
407 262
210 280
296 384
22 150
133 30
301 359
88 467
71 332
309 497
29 51
418 60
79 203
236 157
357 87
450 164
338 21
209 491
462 337
296 169
455 434
176 501
331 316
440 312
46 1
91 325
352 108
51 430
424 485
246 416
2 146
89 370
57 226
107 307
466 343
494 312
229 102
233 344
323 402
84 7
424 242
360 425
429 492
208 128
351 11
497 195
138 22
1 410
248 62
174 28
197 254
354 230
328 162
13 16
198 223
55 316
384 503
86 482
159 276
470 170
212 243
461 20
282 282
300 320
40 347
144 348
296 252
238 170
257 9
11 498
296 276
172 183
309 74
156 77
37 128
423 153
48 46
215 296
145 284
389 201
26 45
428 22
38 497
506 306
394 189
210 128
475 199
78 284
238 321
252 424
378 454
198 426
188 363
134 144
381 119
196 117
475 25
498 221
103 69
320 313
165 95
161 237
4 65
87 142
8 428
167 214
86 251
178 455
479 292
460 434
28 9
349 357
327 488
228 274
304 446
196 171
333 159
276 177
509 369
165 54
327 221
118 94
349 239
287 91
174 143
178 481
374 280
187 250
454 401
265 199
373 5
9 65
27 475
279 52
81 245
107 265
241 427
372 351
434 48
297 268
443 108
100 217
105 511
262 120
503 261
100 255
163 232
482 337
104 33
332 271
227 424
451 395
394 82
17 356
130 146
321 272
189 485
362 448
457 500
455 453
147 349
14 85
216 98
435 238
94 273
443 10
293 380
114 336
188 256
412 132
332 500
143 130
249 310
491 405
134 62
52 180
17 4
468 248
314 206
492 379
117 348
123 496
332 422
485 279
148 116
240 86
176 281
165 379
192 353
397 372
43 158
268 415
354 1
389 5
181 188
263 375
50 308
23 151
271 202
229 245
-1
512
327 406
76 198
482 145
139 121
510 244
366 455
111 136
285 233
288 187
107 417
326 228
144 30
308 85
320 124
138 4
366 264
502 274
76 260
76 430
328 437
498 242
426 322
294 395
151 262
332 385
501 473
360 181
347 502
214 273
173 204
15 97
234 90
372 237
387 386
245 476
404 481
361 373
46 464
307 329
363 452
256 361
140 228
458 167
385 236
477 223
282 30
407 314
421 404
229 476
210 348
467 153
393 482
372 372
253 168
337 308
153 74
77 300
110 115
213 408
123 363
467 505
409 53
219 210
66 433
309 511
389 93
36 315
419 72
179 399
176 108
262 176
88 451
298 346
460 353
403 240
471 326
51 203
345 145
363 280
45 272
377 389
419 366
398 51
236 363
145 8
447 297
280 175
190 273
274 196
166 252
322 334
256 467
349 85
268 215
276 284
36 450
193 204
53 66
39 3
90 15
384 455
253 85
405 415
487 501
399 364
398 216
59 2
405 220
434 201
501 448
59 461
142 17
5 227
47 352
472 226
157 412
397 107
266 139
26 21
20 241
123 303
324 491
475 327
496 489
441 482
317 90
416 340
264 94
222 153
217 86
33 93
17 420
99 419
26 45
42 453
209 464
360 101
499 26
360 61
449 31
293 488
146 21
0 35
73 93
232 98
324 290
47 412
124 442
365 412
375 400
119 91
318 501
126 296
358 416
90 25
360 181
53 339
276 57
295 445
458 22
360 301
304 461
387 335
26 357
439 170
132 210
449 172
81 476
62 420
414 347
378 176
266 191
368 509
418 494
477 280
230 289
32 382
356 451
335 342
68 448
68 372
19 315
305 472
384 303
301 149
149 102
59 471
353 14
485 425
15 90
89 198
8 170
459 212
387 192
320 121
370 73
495 236
337 485
435 70
497 307
290 224
270 350
491 479
475 459
7 68
66 153
402 422
421 113
36 166
214 263
89 304
446 73
274 91
412 492
482 333
343 172
58 493
65 160
450 430
500 384
483 248
404 134
121 236
5 483
394 487
237 230
16 107
149 337
197 358
212 266
40 47
138 161
409 230
19 277
70 446
164 424
400 177
211 353
412 62
14 456
6 34
260 216
375 35
136 215
387 307
66 1
373 53
325 330
390 327
113 391
105 100
72 484
124 405
17 46
20 332
48 43
236 286
157 106
366 424
418 208
109 451
469 274
337 217
392 199
318 404
286 359
136 359
212 87
312 178
317 282
399 299
215 88
72 184
152 376
90 379
333 301
485 312
203 467
29 448
94 160
43 476
470 400
446 125
275 447
363 390
308 496
493 149
73 25
229 417
386 84
283 368
358 404
70 146
188 3
80 275
8 149
247 226
131 347
261 270
155 365
81 440
506 73
139 72
89 257
466 497
164 415
367 106
76 446
209 196
101 203
360 187
169 376
297 99
411 19
276 177
223 159
490 461
70 434
20 175
125 194
361 204
193 158
356 33
259 14
477 257
90 182
491 295
59 279
374 162
386 121
339 481
349 335
243 282
202 246
192 295
426 95
61 508
167 145
26 115
219 362
244 50
451 290
453 182
406 398
44 458
431 131
197 140
501 157
492 467
379 181
370 401
371 241
440 361
496 246
172 383
73 510
312 390
300 26
427 382
317 317
55 339
453 461
59 187
48 296
60 257
113 61
355 228
293 56
423 10
33 269
13 184
455 232
372 160
64 73
205 345
390 454
284 337
101 41
444 267
431 380
268 76
307 208
254 184
230 380
511 483
394 139
128 220
383 61
291 352
127 145
157 321
224 187
308 21
19 31
48 137
498 12
460 233
242 359
286 372
27 59
341 453
93 232
311 163
383 252
29 142
412 446
109 10
90 39
448 148
370 426
136 223
82 132
222 345
228 101
315 491
391 142
332 163
209 114
508 182
196 444
109 192
314 408
36 322
62 392
263 497
340 442
288 160
408 69
252 351
199 108
503 92
359 425
86 309
387 499
138 339
461 324
227 252
350 134
8 248
320 453
202 276
96 245
159 187
117 210
192 366
314 315
443 290
5 428
291 100
16 275
317 441
461 342
181 237
175 92
161 418
487 470
54 316
448 73
305 357
350 37
62 472
186 392
459 216
431 363
107 476
171 30
504 156
508 166
123 261
412 38
406 126
117 210
217 157
172 108
511 362
304 56
63 365
381 511
337 10
7 338
113 454
276 129
186 116
236 399
84 214
169 43
154 95
146 253
499 328
396 124
91 39
42 276
396 296
502 231
232 190
125 339
24 307
428 192
57 146
252 104
49 113
169 13
354 146
137 193
296 187
428 206
366 291
298 226
229 129
360 381
311 320
388 496
